tree
version=v4
num_class=1
num_tree_per_iteration=1
label_index=0
max_feature_idx=2
objective=regression
feature_names=Column_0 Column_1 Column_2
feature_infos=[1.001986257415354:19.986658688121459] [0:1] [0:1]
tree_sizes=2558 2636 2576 2651 2659 2648 2668 2673 2686 2677

Tree=0
num_leaves=31
num_cat=0
split_feature=1 2 2 0 0 0 0 0 0 0 0 0 0 0 0 0 0 0 0 0 0 0 0 0 0 0 0 0 0 0
split_gain=75897.7 29109.6 11402.5 1915.79 1649.27 1475.2 228.136 217.23 207.57 205.758 148.972 117.595 92.17 54.0304 50.3478 44.2788 21.1643 18.3622 14.7765 12.8504 10.5662 7.7193 5.07519 4.62089 4.47167 3.63402 2.11402 1.3163 1.23837 0.224005
threshold=1.0000000180025095e-35 1.0000000180025095e-35 1.0000000180025095e-35 10.574723787602847 11.654912490037903 10.599341751785824 4.7874533415519958 17.183439749751482 8.1031315754911812 4.0471032346125249 14.801451462766332 14.801451462766332 3.1434639798634021 13.128561997333618 7.4784670560902908 6.9854688415540869 5.3443971466966262 17.758667615359396 12.172641928019933 2.2922800634079503 17.290774814818068 18.470241204319247 8.7960838361086555 9.9285546443115162 16.515916841455535 3.6651718479052335 14.472652913598454 5.5948319414033678 6.4815819062957578 13.252460059874117
decision_type=2 2 2 2 2 2 2 2 2 2 2 2 2 2 2 2 2 2 2 2 2 2 2 2 2 2 2 2 2 2
left_child=2 4 25 6 8 9 19 13 12 -4 18 29 -2 -5 -8 27 -14 24 -7 -3 -13 -9 -17 -10 -12 -1 -15 -11 -18 -6
right_child=1 3 5 7 11 10 14 21 23 15 17 20 16 26 -16 22 28 -19 -20 -21 -22 -23 -24 -25 -26 -27 -28 -29 -30 -31
leaf_value=12.640493640720845 14.516533242249126 16.080348976955527 14.032031237164512 15.501868052984987 13.924520977035165 13.522059142721735 15.827590632259845 15.168454913914204 14.078314439284615 13.78768674030629 13.254953618824482 13.738236876748703 14.244416947163916 15.363669858753681 15.664580128808815 13.630841550875278 14.373204424979894 13.184741808804773 13.415522622883319 15.980282611957103 13.657618947348718 15.080595388233661 13.6981573983108 14.145477424177384 13.316769837287339 12.59591986272881 15.323988911351254 13.82122540578246 14.339180836200715 13.909898275242609
leaf_weight=20 33 21 32 35 20 23 40 20 20 22 25 37 27 25 36 21 23 31 30 33 29 20 24 21 22 214 29 25 20 22
leaf_count=20 33 21 32 35 20 23 40 20 20 22 25 37 27 25 36 21 23 31 30 33 29 20 24 21 22 214 29 25 20 22
internal_value=13.9944 14.8466 13.1038 15.5911 14.0815 13.5664 15.862 15.3181 14.303 13.8136 13.3324 13.7861 14.3788 15.4051 15.7504 13.7376 14.3138 13.2445 13.4618 16.0192 13.7028 15.1245 13.6667 14.1127 13.2839 12.5997 15.3424 13.8055 14.3574 13.9169
internal_weight=1000 511 489 259 252 255 130 129 144 124 131 108 103 89 76 92 70 78 53 54 66 40 45 41 47 234 54 47 43 42
internal_count=1000 511 489 259 252 255 130 129 144 124 131 108 103 89 76 92 70 78 53 54 66 40 45 41 47 234 54 47 43 42
is_linear=0
shrinkage=1


Tree=1
num_leaves=31
num_cat=0
split_feature=1 2 2 0 0 0 0 0 0 0 0 0 0 0 0 0 0 0 0 0 0 0 0 0 0 0 0 0 0 0
split_gain=61477.1 23578.8 9236.03 1551.79 1338.36 1194.91 186.502 182.381 175.956 166.664 121.209 82.4114 77.0311 43.7646 40.0735 36.4337 13.7646 13.0856 10.7611 8.55863 8.4632 6.25262 5.0867 3.96152 3.21862 2.94355 2.70834 1.8834 1.71236 1.00308
threshold=1.0000000180025095e-35 1.0000000180025095e-35 1.0000000180025095e-35 10.574723787602847 11.935425720696601 10.599341751785824 6.2229215711505139 8.1031315754911812 17.183439749751482 4.0471032346125249 14.995579084287987 14.801451462766332 2.3614332134170506 13.128561997333618 3.8765635437862889 6.8051334385624758 12.172641928019933 17.758667615359396 7.7000901904380727 17.290774814818068 5.3443971466966262 18.470241204319247 16.515916841455535 8.5161696854875384 2.2922800634079503 3.6651718479052335 9.9285546443115162 5.5948319414033678 14.472652913598454 6.4815819062957578
decision_type=2 2 2 2 2 2 2 2 2 2 2 2 2 2 2 2 2 2 2 2 2 2 2 2 2 2 2 2 2 2
left_child=2 4 25 6 7 9 14 12 13 -4 16 -6 -2 -5 24 27 -7 22 -8 -13 -14 -10 -12 -17 -3 -1 -9 -11 -15 -22
right_child=1 3 5 8 11 10 18 26 21 15 17 19 20 28 -16 23 -18 -19 -20 -21 29 -23 -24 -25 -26 -27 -28 -29 -30 -31
leaf_value=-1.2185103893280029 0.49868210220336917 1.8773594084240142 0.033873421326279643 1.3567265646798272 -0.0790709202297223 -0.42510143855343696 1.5951868143948644 0.075528301298618317 1.0566547298431397 -0.18603662929751658 -0.6778638330372897 -0.23054150359050649 0.2604581580989595 1.2323482475280763 1.7031818025252399 -0.32531830906867981 -0.52587681394634822 -0.72868706641658665 1.504896487611713 -0.30309763720323302 0.34092930237884111 0.97758120536804205 -0.60986180738969287 -0.26704664304852488 1.8213059663772584 -1.2586267711960266 0.12535445528725783 -0.14465814504232682 1.1966353482213514 0.31030805885791779
leaf_weight=20 25 21 32 35 39 23 22 20 20 22 22 37 35 25 34 20 33 31 33 29 23 20 22 28 20 214 24 22 29 20
leaf_count=20 25 21 32 35 39 23 22 20 20 22 22 37 35 25 34 20 33 31 33 29 23 20 22 28 20 214 24 22 29 20
internal_value=9.46786e-09 0.76701 -0.801517 1.43705 0.0783574 -0.385198 1.68088 0.273127 1.19133 -0.162702 -0.595806 -0.19432 0.345928 1.26962 1.78345 -0.231076 -0.484487 -0.678924 1.54101 -0.262422 0.296969 1.01712 -0.643863 -0.291327 1.85002 -1.2552 0.102706 -0.165347 1.21317 0.326687
internal_weight=1000 511 489 259 252 255 130 147 129 124 131 105 103 89 75 92 56 75 55 66 78 40 44 48 41 234 44 44 54 43
internal_count=1000 511 489 259 252 255 130 147 129 124 131 105 103 89 75 92 56 75 55 66 78 40 44 48 41 234 44 44 54 43
is_linear=0
shrinkage=0.1


Tree=2
num_leaves=30
num_cat=0
split_feature=1 2 2 0 0 0 0 0 0 0 0 0 0 0 0 0 0 0 0 0 0 0 0 0 0 0 0 0 0
split_gain=49796.5 19098.8 7481.19 1256.95 1084.07 967.881 151.486 147.877 142.525 134.998 98.3717 66.7532 59.2171 35.4494 33.3967 30.3116 17.9678 15.3169 8.17252 7.02702 6.93249 6.20083 5.06463 2.38427 1.38701 1.37331 0.0780838 0.000742002 3.63798e-12
threshold=1.0000000180025095e-35 1.0000000180025095e-35 1.0000000180025095e-35 10.574723787602847 11.935425720696601 10.599341751785824 4.7874533415519958 7.3693766873674589 17.183439749751482 4.0471032346125249 15.687373739506613 14.801451462766332 3.1434639798634021 13.128561997333618 7.4784670560902908 6.1562069277223719 5.3443971466966262 12.938955843440139 2.2922800634079503 17.758667615359396 17.290774814818068 7.7908059459549337 18.470241204319247 3.6651718479052335 14.472652913598454 9.8480362993003272 5.817729615739041 7.7000901904380727 18.586167808257319
decision_type=2 2 2 2 2 2 2 2 2 2 2 2 2 2 2 2 2 2 2 2 2 2 2 2 2 2 2 2 2
left_child=2 4 23 6 7 9 18 12 13 -4 17 -6 -2 -5 -8 -11 -14 -7 -3 -12 -13 -17 -10 -1 -15 -9 -25 -28 -29
right_child=1 3 5 8 11 10 14 25 22 15 19 20 16 24 -16 21 -18 -19 -20 -21 -22 -23 -24 26 -26 -27 27 28 -30
leaf_value=-1.0966593980789185 0.42583215579842082 1.6896234693981353 0.030486081179697068 1.2210538932255337 -0.071163825919994941 -0.39029283269687937 1.484688491821289 0.12330289543384598 0.9509892463684082 -0.13299850657144016 -0.5908665941821204 -0.20748734925244308 0.19897474414772459 1.1091133995056153 1.3519253783755834 -0.20851449613415063 0.30566651707417086 -0.48935151357908507 1.6098224755489465 -0.65581835623710383 -0.27278786620189405 -0.27654886189470623 0.87982303619384761 -1.1286531649137799 1.0769718235936658 0.089473541746182106 -1.1331084164706142 -1.1337292671203614 -1.1337292671203614
leaf_weight=20 33 21 32 35 39 27 40 21 20 34 36 37 27 25 36 21 38 37 33 31 29 37 20 38 29 28 22 127 27
leaf_count=20 33 21 32 35 39 27 40 21 20 34 36 37 27 25 36 21 38 37 33 31 29 37 20 38 29 28 22 127 27
internal_value=8.85199e-09 0.690309 -0.721365 1.29334 0.0705217 -0.346678 1.51279 0.245814 1.07219 -0.146432 -0.536225 -0.174888 0.316736 1.14266 1.4218 -0.207968 0.261348 -0.447561 1.64086 -0.620919 -0.23618 -0.251916 0.915406 -1.12968 1.09185 0.103972 -1.13276 -1.13365 -1.13373
internal_weight=1000 511 489 259 252 255 130 147 129 124 131 105 98 89 76 92 65 64 54 67 66 58 40 234 54 49 214 176 154
internal_count=1000 511 489 259 252 255 130 147 129 124 131 105 98 89 76 92 65 64 54 67 66 58 40 234 54 49 214 176 154
is_linear=0
shrinkage=0.1


Tree=3
num_leaves=31
num_cat=0
split_feature=1 2 2 0 0 0 0 0 0 0 0 0 0 0 0 0 0 0 0 0 0 0 0 0 0 0 0 0 0 0
split_gain=40335.1 15470 6059.76 1018.13 879.159 784.608 124.725 115.445 110.925 105.971 85.6026 61.8222 52.1036 28.714 26.9143 22.9003 9.44972 8.702 6.43026 6.10339 5.61531 4.37334 4.10235 3.55599 3.46633 1.93126 1.84753 1.12347 0.565908 0.261412
threshold=1.0000000180025095e-35 1.0000000180025095e-35 1.0000000180025095e-35 10.574723787602847 11.654912490037903 10.457095551036396 6.2229215711505139 17.183439749751482 8.1031315754911812 4.0471032346125249 14.801451462766332 14.801451462766332 2.3614332134170506 13.128561997333618 3.8765635437862889 6.1562069277223719 17.758667615359396 12.172641928019933 7.7000901904380727 5.3443971466966262 17.290774814818068 7.7908059459549337 18.470241204319247 16.515916841455535 9.9285546443115162 3.6651718479052335 2.2922800634079503 14.472652913598454 6.4815819062957578 13.315491306059622
decision_type=2 2 2 2 2 2 2 2 2 2 2 2 2 2 2 2 2 2 2 2 2 2 2 2 2 2 2 2 2 2
left_child=2 4 25 6 8 9 14 13 12 -4 17 29 -2 -5 26 -11 23 -7 -8 -14 -13 -17 -9 -12 -10 -1 -3 -15 -21 -6
right_child=1 3 5 7 11 10 18 22 24 15 16 20 19 27 -16 21 -18 -19 -20 28 -22 -23 -24 -25 -26 -27 -28 -29 -30 -31
leaf_value=-0.98699343442916876 0.40623068380355837 1.5206611133757093 0.027437471922894474 1.0989484855106899 -0.065252781765801571 -0.34089816980063919 1.2890097097917037 0.85589035987854012 0.05632176987826825 -0.11969865759944215 -0.54491387844085704 -0.18673861757726284 0.2093295559819256 0.99820203399658214 1.3796102187212778 -0.18766304630608788 -0.59023650615446033 -0.42078226407368979 1.219214254437071 0.27626972120741139 -0.24550907848210168 -0.24538712348256794 0.79184074401855475 -0.48978899934075093 0.11449219502863431 -1.0194877022894744 1.4781930255889895 0.96927462281851939 0.25326970171183349 -0.049474200819219862
leaf_weight=20 25 21 32 35 21 25 22 20 20 34 25 37 35 25 34 21 31 30 33 23 29 35 20 22 21 214 20 29 20 21
leaf_count=20 25 21 32 35 21 25 22 20 20 34 25 37 35 25 34 21 31 30 33 23 29 35 20 22 21 214 20 29 20 21
internal_value=-3.10172e-09 0.621278 -0.649229 1.16401 0.0634695 -0.312011 1.36151 0.964975 0.225227 -0.128863 -0.480011 -0.152207 0.280601 1.0284 1.44539 -0.184436 -0.547379 -0.384471 1.24713 0.240335 -0.212562 -0.223741 0.823866 -0.519111 0.0861164 -1.01671 1.49994 0.982667 0.265572 -0.0573635
internal_weight=1000 511 489 259 252 255 130 129 144 122 133 108 103 89 75 90 78 55 55 78 66 56 40 47 41 234 41 54 43 42
internal_count=1000 511 489 259 252 255 130 129 144 122 133 108 103 89 75 90 78 55 55 78 66 56 40 47 41 234 41 54 43 42
is_linear=0
shrinkage=0.1


Tree=4
num_leaves=31
num_cat=0
split_feature=1 2 2 0 0 0 0 0 0 0 0 0 0 0 0 0 0 0 0 0 0 0 0 0 0 0 0 0 0 0
split_gain=32671.5 12530.7 4908.41 824.686 713.64 635.533 108.208 101.027 93.5103 85.8362 70.0673 43.6923 34.6696 23.2583 21.8006 18.5492 10.9118 10.8471 5.20849 4.5484 4.25723 3.54241 3.32291 1.56433 1.49649 1.3868 0.910013 0.458385 0.066345 0.0123071
threshold=1.0000000180025095e-35 1.0000000180025095e-35 1.0000000180025095e-35 10.574723787602847 12.260239060030921 10.457095551036396 8.1031315754911812 6.2229215711505139 17.183439749751482 4.0471032346125249 15.687373739506613 3.1434639798634021 14.801451462766332 13.128561997333618 3.8765635437862889 6.1562069277223719 12.172641928019933 5.3443971466966262 7.7000901904380727 17.290774814818068 17.758667615359396 7.7908059459549337 18.470241204319247 3.6651718479052335 2.2922800634079503 10.457095551036396 14.472652913598454 6.4815819062957578 5.1608326169661627 6.1997454558737166
decision_type=2 2 2 2 2 2 2 2 2 2 2 2 2 2 2 2 2 2 2 2 2 2 2 2 2 2 2 2 2 2
left_child=2 4 23 7 6 9 11 14 13 -4 16 -2 -6 -5 24 -11 -7 -13 -9 -14 -12 -17 -10 -1 -3 -8 -15 -19 -25 -30
right_child=1 3 5 8 12 10 25 18 22 15 20 17 19 26 -16 21 -18 27 -20 -21 -22 -23 -24 28 -26 -27 -28 -29 29 -31
leaf_value=-0.88829407215118406 0.34739923788742588 1.3685950324648903 0.024693724204553291 0.98905364036560062 -0.068185609174626224 -0.30680835032463077 0.055756437778472903 1.1601087093353273 0.77030133247375498 -0.10772879097391577 -0.48065729273690122 0.15814431842278553 -0.16806475415423111 0.89838181304931641 1.2416492125567269 -0.16889673997426319 -0.39063032588399038 0.24864274477181225 1.0972929044203326 -0.22095817549411079 -0.53121287284358853 -0.22084840995924815 0.71265668869018561 -0.91220110030401325 1.330373787879944 0.090020318755081721 0.87234717073111701 0.22794273152947425 -0.91594874755195965 -0.91841347413904539
leaf_weight=20 33 21 32 35 35 25 27 22 20 34 36 27 37 25 34 21 41 23 33 29 31 35 20 21 20 21 29 20 23 170
leaf_count=20 33 21 32 35 35 25 27 22 20 34 36 27 37 25 34 21 41 23 33 29 31 35 20 21 20 21 29 20 23 170
internal_value=-2.03056e-09 0.55915 -0.584306 1.04761 0.0571225 -0.280809 0.194752 1.22536 0.868478 -0.115976 -0.43201 0.252541 -0.14864 0.925556 1.30085 -0.165992 -0.35888 0.207822 1.12242 -0.191306 -0.504049 -0.201367 0.741479 -0.915039 1.34995 0.0707469 0.8844 0.239015 -0.917539 -0.91812
internal_weight=1000 511 489 259 252 255 151 130 129 122 133 103 101 89 75 90 66 70 55 66 67 56 40 234 41 48 54 43 214 193
internal_count=1000 511 489 259 252 255 151 130 129 122 133 103 101 89 75 90 66 70 55 66 67 56 40 234 41 48 54 43 214 193
is_linear=0
shrinkage=0.1


Tree=5
num_leaves=31
num_cat=0
split_feature=1 2 2 0 0 0 0 0 0 0 0 0 0 0 0 0 0 0 0 0 0 0 0 0 0 0 0 0 0 0
split_gain=26463.9 10149.9 3975.81 670.79 579.338 515.034 101.425 73.044 71.6388 62.8067 53.8531 39.9983 30.7228 21.0017 16.0343 10.2514 8.89046 5.63751 5.30716 4.31815 4.11232 3.2537 2.89803 2.69155 2.27812 1.49704 1.2671 1.21217 0.737111 0.292222
threshold=1.0000000180025095e-35 1.0000000180025095e-35 1.0000000180025095e-35 10.972362219023326 11.654912490037903 10.599341751785824 6.6083199854384569 6.845511210863223 4.0471032346125249 17.183439749751482 14.995579084287987 14.472652913598454 2.3614332134170506 3.8765635437862889 6.1562069277223719 13.128561997333618 5.5948319414033678 12.172641928019933 17.758667615359396 16.515916841455535 17.290774814818068 7.7908059459549337 8.8940057000052928 18.470241204319247 9.2129326160599607 5.4842252066235897 3.6651718479052335 2.2922800634079503 14.472652913598454 4.4429265238749922
decision_type=2 2 2 2 2 2 2 2 2 2 2 2 2 2 2 2 2 2 2 2 2 2 2 2 2 2 2 2 2 2
left_child=2 4 26 6 7 8 13 12 -4 15 17 -6 -2 27 -10 -5 29 -7 19 -12 -13 -16 -8 -11 -9 -15 -1 -3 -17 -14
right_child=1 3 5 9 11 10 22 24 14 23 18 20 16 25 21 28 -18 -19 -20 -21 -22 -23 -24 -25 -26 -27 -28 -29 -30 -31
leaf_value=-0.79946465253829957 0.33086769795417786 1.2317355337597076 0.022224353044293821 0.87238844724801867 -0.044321681801229723 -0.27879136567530421 1.0102108983432545 0.11446209752000869 -0.096955910626360609 0.6932711863517762 -0.45539885434237393 -0.14913829734119086 0.18060802914202215 1.0937626886367799 -0.15200706635202682 0.80854365158081054 0.24670884059025694 -0.34328496528394298 -0.47809158986614597 -0.39274434989148921 -0.19886235599887783 -0.20128949638959526 0.96482503215471904 0.64139099478721617 0.071439165715128192 1.1324542331695557 -0.82578500966045343 1.1973363208770753 0.78511245990621636 0.16371827061687197
leaf_weight=20 25 21 32 26 40 23 34 20 34 20 22 39 20 20 21 25 26 33 31 22 29 37 24 20 32 20 214 20 29 21
leaf_count=20 25 21 32 26 40 23 34 20 34 20 22 39 20 20 21 25 26 33 31 22 29 37 24 20 32 20 214 20 29 21
internal_value=9.3013e-09 0.503235 -0.525875 0.942848 0.0514103 -0.252729 1.09238 0.18272 -0.106655 0.769643 -0.390997 -0.123669 0.236265 1.16466 -0.151482 0.820799 0.200965 -0.316797 -0.4464 -0.424072 -0.170344 -0.183446 0.991431 0.667331 0.0879864 1.11311 -0.823535 1.21496 0.79596 0.171957
internal_weight=1000 511 489 259 252 255 139 144 124 120 131 108 92 81 92 80 67 56 75 44 68 58 58 40 52 40 234 41 54 41
internal_count=1000 511 489 259 252 255 139 144 124 120 131 108 92 81 92 80 67 56 75 44 68 58 58 40 52 40 234 41 54 41
is_linear=0
shrinkage=0.1


Tree=6
num_leaves=31
num_cat=0
split_feature=1 2 2 0 0 0 0 0 0 0 0 0 0 0 0 0 0 0 0 0 0 0 0 0 0 0 0 0 0 0
split_gain=21435.8 8221.42 3220.41 543.34 471.548 417.426 82.1542 72.8212 56.3786 51.5227 47.185 27.6984 20.7525 17.0114 10.0148 9.52382 9.12677 7.00881 5.79234 2.95475 2.58597 2.34741 1.2126 1.02635 1.00022 0.991429 0.981851 0.400652 0.0537381 0.00996814
threshold=1.0000000180025095e-35 1.0000000180025095e-35 1.0000000180025095e-35 10.972362219023326 12.316942012266557 10.457095551036396 6.6083199854384569 7.3693766873674589 4.7874533415519958 17.618096024465665 15.687373739506613 3.1434639798634021 14.801451462766332 3.8765635437862889 6.0144932964319029 13.128561997333618 6.9854688415540869 12.938955843440139 8.7960838361086555 17.290774814818068 17.758667615359396 8.8940057000052928 5.4842252066235897 3.6651718479052335 14.472652913598454 9.8480362993003272 2.2922800634079503 5.0041971411735284 5.1608326169661627 6.1997454558737166
decision_type=2 2 2 2 2 2 2 2 2 2 2 2 2 2 2 2 2 2 2 2 2 2 2 2 2 2 2 2 2 2
left_child=2 4 23 6 7 8 13 11 -4 15 17 -2 -6 26 27 -5 -10 -7 -18 -14 -12 -8 -15 -1 -17 -9 -3 -13 -25 -30
right_child=1 3 5 9 12 10 21 25 16 -11 20 14 19 22 -16 24 18 -19 -20 -21 -22 -23 -24 28 -26 -27 -28 -29 29 -31
leaf_value=-0.71951821804046634 0.28321520053979121 1.1085619177137103 0.0053025022340126536 0.78514958161574144 -0.058910068461452338 -0.25317312200264686 0.90918979785021614 0.080963759266194854 -0.10608524293638766 0.59056526660919195 -0.39088055756356987 0.1332146859981797 -0.13634444976577889 0.98438640117645271 0.22559869343584238 0.72768929195404053 -0.21001533369223277 -0.31883213125370646 -0.13659093972634187 -0.17897611983634276 -0.43028242857225485 0.86834248304367068 1.0192088413238527 -0.73840253466651562 0.70134030861013086 0.05316911384914861 1.0776027011871339 0.15252532531462967 -0.74177541110826573 -0.7439935942257152
leaf_weight=20 33 21 39 26 34 29 34 21 40 35 36 22 37 20 22 25 21 37 22 29 31 24 20 21 34 33 20 21 23 170
leaf_count=20 33 21 39 26 34 29 34 21 40 35 36 22 37 20 22 25 21 37 22 29 31 24 20 21 34 33 20 21 23 170
internal_value=-1.46208e-09 0.452911 -0.473288 0.848563 0.0462693 -0.227456 0.98314 0.157223 -0.0938683 0.692679 -0.349994 0.208602 -0.12238 1.04819 0.170722 0.734726 -0.140467 -0.289982 -0.172449 -0.155077 -0.409111 0.892287 1.0018 -0.741182 0.712505 0.0639781 1.09346 0.142645 -0.743207 -0.743729
internal_weight=1000 511 489 259 252 255 139 152 122 120 133 98 100 81 65 85 83 66 43 66 67 58 40 234 59 54 41 43 214 193
internal_count=1000 511 489 259 252 255 139 152 122 120 133 98 100 81 65 85 83 66 43 66 67 58 40 234 59 54 41 43 214 193
is_linear=0
shrinkage=0.1


Tree=7
num_leaves=31
num_cat=0
split_feature=1 2 2 0 0 0 0 0 0 0 0 0 0 0 0 0 0 0 0 0 0 0 0 0 0 0 0 0 0 0
split_gain=17363 6659.35 2608.53 440.354 382.541 340.673 68.3016 56.7612 51.3508 50.3004 41.2798 23.9109 12.2202 10.2183 8.7852 8.64389 7.07146 6.98819 5.93209 3.83431 3.14283 2.39335 2.27298 1.06171 1.04176 0.889586 0.831347 0.523441 0.240342 0.043528
threshold=1.0000000180025095e-35 1.0000000180025095e-35 1.0000000180025095e-35 10.574723787602847 12.635119422122951 9.4096458025646594 8.1031315754911812 4.7874533415519958 14.801451462766332 16.619049347829801 3.0443370998115959 3.1434639798634021 7.4784670560902908 14.801451462766332 13.128561997333618 6.0932807481797839 5.3443971466966262 18.204568159827183 12.172641928019933 17.758667615359396 16.515916841455535 17.290774814818068 2.2922800634079503 14.289974450741534 9.9285546443115162 4.8958774741571318 3.6651718479052335 7.4784670560902908 6.4815819062957578 5.1608326169661627
decision_type=2 2 2 2 2 2 2 2 2 2 2 2 2 2 2 2 2 2 2 2 2 2 2 2 2 2 2 2 2 2
left_child=2 4 26 7 6 10 11 22 18 14 -4 -2 -9 -6 -5 25 -13 -11 -7 20 -10 -15 -3 -16 -8 -12 -1 -17 -18 -28
right_child=1 3 5 9 13 8 24 12 19 17 15 16 -14 21 23 27 28 -19 -20 -21 -22 -23 -24 -25 -26 -27 29 -29 -30 -31
leaf_value=-0.64756639957427975 0.25489367780021649 0.99770576386224663 0.058879045061767103 0.71987832750592917 -0.067474483698606494 -0.21481997762855731 0.028493519872426987 0.87593910098075867 -0.36620551061630252 0.59023804848010719 -0.053714414579527719 0.11152833358005242 0.79563000202178957 -0.12271000502782095 0.63648978187924343 -0.1424577750620388 0.18379605425440748 0.51540817692875862 -0.27430475200215976 -0.38725417371719117 -0.31438186591999101 -0.16107850896901099 0.95562072089224159 0.66758944055308467 0.057103471670831955 -0.082181746545045287 -0.66456229800269728 -0.12083931838472683 0.16880714844912292 -0.66935635255408421
leaf_weight=20 33 21 20 35 28 38 20 40 25 26 21 27 36 37 21 21 23 24 30 31 22 29 33 23 35 23 21 24 20 193
leaf_count=20 33 21 20 35 28 38 20 40 25 26 21 27 36 37 21 21 23 24 30 31 22 29 33 23 35 23 21 24 20 193
internal_value=-4.62495e-09 0.40762 -0.425959 0.763707 0.0416423 -0.20471 0.136675 0.893597 -0.30458 0.632811 -0.0709391 0.18472 0.837898 -0.118094 0.682488 -0.100112 0.151639 0.55432 -0.241063 -0.359954 -0.341948 -0.139569 0.971987 0.652746 0.0466999 -0.0685951 -0.667064 -0.130928 0.176824 -0.668886
internal_weight=1000 511 489 259 252 255 158 130 146 129 109 103 76 94 79 89 70 50 68 78 47 66 54 44 55 44 234 45 43 214
internal_count=1000 511 489 259 252 255 158 130 146 129 109 103 76 94 79 89 70 50 68 78 47 66 54 44 55 44 234 45 43 214
is_linear=0
shrinkage=0.1


Tree=8
num_leaves=31
num_cat=0
split_feature=1 2 2 0 0 0 0 0 0 0 0 0 0 0 0 0 0 0 0 0 0 0 0 0 0 0 0 0 0 0
split_gain=14064 5394.07 2112.91 358.107 311.184 275.945 54.5946 44.0534 41.9203 34.1768 33.4366 17.7568 17.0028 9.21041 8.58279 7.23635 7.05069 5.87947 3.20512 2.16389 2.18484 2.14073 1.51813 0.873226 0.676658 0.673393 0.573198 0.550014 0.0361601 0.0071727
threshold=1.0000000180025095e-35 1.0000000180025095e-35 1.0000000180025095e-35 10.972362219023326 11.935425720696601 9.4096458025646594 6.2229215711505139 4.2018372806540425 15.687373739506613 17.618096024465665 3.0443370998115959 14.472652913598454 8.1031315754911812 3.8765635437862889 5.5948319414033678 12.172641928019933 5.9871892092921764 13.128561997333618 7.7908059459549337 17.881499228140168 15.9811959941309 9.9285546443115162 17.758667615359396 15.419981584350097 7.7908059459549337 3.6651718479052335 2.2922800634079503 4.8958774741571318 6.1997454558737166 5.1608326169661627
decision_type=2 2 2 2 2 2 2 2 2 2 2 2 2 2 2 2 2 2 2 2 2 2 2 2 2 2 2 2 2 2
left_child=2 4 25 6 7 10 13 -2 15 17 -4 -6 14 26 -9 -7 27 -5 -8 20 -13 -14 -10 -19 -18 -1 -3 -12 29 -27
right_child=1 3 5 9 11 8 18 12 22 -11 16 19 21 -15 -16 -17 24 23 -20 -21 -22 -23 -24 -25 -26 28 -28 -29 -30 -31
leaf_value=-0.58280972957611088 0.21941736198780015 0.89793520200820209 0.052991136014461517 0.63464680314064026 -0.038256300635937907 -0.19333798159894192 0.75763808588186909 0.085824700832366943 -0.31833894567357168 0.47761612900665829 -0.048342978102820261 -0.13685209771618248 0.025644164755940436 0.81600176446578088 0.16167184986375474 -0.2539124616762487 -0.10519195703359752 0.5681881969039505 0.71141311168670662 -0.15013477047058671 -0.092889156479101925 0.069942421590288489 -0.3485287589411582 0.59334625547582454 -0.12902103804729201 -0.59810603232610793 0.8742803859710695 -0.071514487341046332 -0.60265863138086662 -0.60066222729890251
leaf_weight=20 41 21 20 26 37 38 24 25 36 35 21 20 20 34 37 41 26 37 40 22 26 24 31 22 22 21 20 20 170 23
leaf_count=20 41 21 20 26 37 38 24 25 36 35 21 20 20 34 37 41 26 37 40 22 26 24 31 22 22 21 20 20 170 23
internal_value=-2.01175e-09 0.366858 -0.383363 0.687336 0.0374781 -0.184239 0.796591 0.131395 -0.274122 0.560783 -0.0638452 -0.0940058 0.0973488 0.854484 0.131088 -0.224775 -0.0901005 0.595028 0.728747 -0.12434 -0.112003 0.0498069 -0.332307 0.577569 -0.116114 -0.600357 0.886396 -0.0596462 -0.601997 -0.599442
internal_weight=1000 511 489 259 252 255 139 147 146 120 109 105 106 75 62 79 89 85 64 68 46 44 67 59 48 234 41 41 214 44
internal_count=1000 511 489 259 252 255 139 147 146 120 109 105 106 75 62 79 89 85 64 68 46 44 67 59 48 234 41 41 214 44
is_linear=0
shrinkage=0.1


Tree=9
num_leaves=31
num_cat=0
split_feature=1 2 2 0 0 0 0 0 0 0 0 0 0 0 0 0 0 0 0 0 0 0 0 0 0 0 0 0 0 0
split_gain=11391.8 4369.2 1711.46 290.067 253.223 223.634 45.5911 44.4042 32.7838 27.9813 24.3644 14.7193 10.7017 10.3038 6.3916 5.55143 4.06381 3.27376 3.25167 1.82121 1.69904 1.41584 1.30187 1.22969 1.22802 0.678966 0.545446 0.488716 0.110462 0.0292893
threshold=1.0000000180025095e-35 1.0000000180025095e-35 1.0000000180025095e-35 10.972362219023326 12.635119422122951 10.599341751785824 6.845511210863223 4.7874533415519958 3.0443370998115959 17.183439749751482 15.687373739506613 2.3614332134170506 7.4784670560902908 6.1562069277223719 14.801451462766332 5.5948319414033678 13.81559698091049 13.489060626112243 8.5161696854875384 9.8480362993003272 17.290774814818068 2.2922800634079503 4.499819717722354 17.758667615359396 18.470241204319247 4.8958774741571318 3.6651718479052335 8.7960838361086555 15.053436762920278 6.1997454558737166
decision_type=2 2 2 2 2 2 2 2 2 2 2 2 2 2 2 2 2 2 2 2 2 2 2 2 2 2 2 2 2 2
left_child=2 4 26 7 6 8 11 21 -4 16 17 -2 -9 25 -6 22 -5 -7 -15 -8 -16 -3 -13 -12 -11 -10 -1 -14 -18 -28
right_child=1 3 5 9 14 10 19 12 13 24 23 15 27 18 20 -17 28 -19 -20 -21 -22 -23 -24 -25 -26 -27 29 -29 -30 -31
leaf_value=-0.52452877759933469 0.2220282956361771 0.80814165614900135 0.047692023944109679 0.56195882375423734 -0.056197147071361545 -0.19348107600534284 0.067592846133090842 0.70951728522777557 -0.043508674133391607 0.45393608868122098 -0.28650505325317177 0.091801527523923496 0.62677734732627877 -0.1430149110717078 -0.099011350162579004 0.16826065687032848 0.51154931902885437 -0.23927740747178042 -0.095631364147577974 0.033806747475113627 -0.13133896900148229 0.77492645437067209 0.12745083779096605 -0.31367587965101967 0.41889295578002933 -0.067899310111999511 -0.53949800729751585 0.64774980831146245 0.52193353403182263 -0.54239275651819563
leaf_weight=20 25 21 20 39 28 37 27 40 21 20 36 21 20 30 37 26 20 27 28 39 29 33 20 31 20 25 44 25 21 170
leaf_count=20 25 21 20 39 28 37 27 40 21 20 36 21 20 30 37 26 20 27 28 39 29 33 20 31 20 25 44 25 21 170
internal_value=-3.67314e-10 0.330172 -0.345027 0.618603 0.0337303 -0.165815 0.111049 0.716932 -0.0695601 0.504705 -0.256927 0.156547 0.671882 -0.0921086 -0.0962316 0.132114 0.53885 -0.212801 -0.12014 0.0476283 -0.113216 0.787843 0.109191 -0.299077 0.436415 -0.0567645 -0.540322 0.638429 0.516868 -0.541798
internal_weight=1000 511 489 259 252 255 158 139 124 120 131 92 85 104 94 67 80 64 58 66 66 54 41 67 40 46 234 45 41 214
internal_count=1000 511 489 259 252 255 158 139 124 120 131 92 85 104 94 67 80 64 58 66 66 54 41 67 40 46 234 45 41 214
is_linear=0
shrinkage=0.1


end of trees

feature_importances:
Column_0=269
Column_2=20
Column_1=10

parameters:
[boosting: gbdt]
[objective: regression]
[metric: rmse]
[tree_learner: serial]
[device_type: cpu]
[data_sample_strategy: bagging]
[data: ]
[valid: ]
[num_iterations: 10]
[learning_rate: 0.1]
[num_leaves: 31]
[num_threads: 0]
[seed: 0]
[deterministic: 0]
[force_col_wise: 0]
[force_row_wise: 0]
[histogram_pool_size: -1]
[max_depth: -1]
[min_data_in_leaf: 20]
[min_sum_hessian_in_leaf: 0.001]
[bagging_fraction: 1]
[pos_bagging_fraction: 1]
[neg_bagging_fraction: 1]
[bagging_freq: 0]
[bagging_seed: 3]
[bagging_by_query: 0]
[feature_fraction: 1]
[feature_fraction_bynode: 1]
[feature_fraction_seed: 2]
[extra_trees: 0]
[extra_seed: 6]
[early_stopping_round: 0]
[early_stopping_min_delta: 0]
[first_metric_only: 0]
[max_delta_step: 0]
[lambda_l1: 0]
[lambda_l2: 0]
[linear_lambda: 0]
[min_gain_to_split: 0]
[drop_rate: 0.1]
[max_drop: 50]
[skip_drop: 0.5]
[xgboost_dart_mode: 0]
[uniform_drop: 0]
[drop_seed: 4]
[top_rate: 0.2]
[other_rate: 0.1]
[min_data_per_group: 100]
[max_cat_threshold: 32]
[cat_l2: 10]
[cat_smooth: 10]
[max_cat_to_onehot: 4]
[top_k: 20]
[monotone_constraints: ]
[monotone_constraints_method: basic]
[monotone_penalty: 0]
[feature_contri: ]
[forcedsplits_filename: ]
[refit_decay_rate: 0.9]
[cegb_tradeoff: 1]
[cegb_penalty_split: 0]
[cegb_penalty_feature_lazy: ]
[cegb_penalty_feature_coupled: ]
[path_smooth: 0]
[interaction_constraints: ]
[verbosity: -1]
[saved_feature_importance_type: 0]
[use_quantized_grad: 0]
[num_grad_quant_bins: 4]
[quant_train_renew_leaf: 0]
[stochastic_rounding: 1]
[linear_tree: 0]
[max_bin: 255]
[max_bin_by_feature: ]
[min_data_in_bin: 3]
[bin_construct_sample_cnt: 200000]
[data_random_seed: 1]
[is_enable_sparse: 1]
[enable_bundle: 1]
[use_missing: 1]
[zero_as_missing: 0]
[feature_pre_filter: 1]
[pre_partition: 0]
[two_round: 0]
[header: 0]
[label_column: ]
[weight_column: ]
[group_column: ]
[ignore_column: ]
[categorical_feature: ]
[forcedbins_filename: ]
[precise_float_parser: 0]
[parser_config_file: ]
[objective_seed: 5]
[num_class: 1]
[is_unbalance: 0]
[scale_pos_weight: 1]
[sigmoid: 1]
[boost_from_average: 1]
[reg_sqrt: 0]
[alpha: 0.9]
[fair_c: 1]
[poisson_max_delta_step: 0.7]
[tweedie_variance_power: 1.5]
[lambdarank_truncation_level: 30]
[lambdarank_norm: 1]
[label_gain: ]
[lambdarank_position_bias_regularization: 0]
[eval_at: ]
[multi_error_top_k: 1]
[auc_mu_weights: ]
[num_machines: 1]
[local_listen_port: 12400]
[time_out: 120]
[machine_list_filename: ]
[machines: ]
[gpu_platform_id: -1]
[gpu_device_id: -1]
[gpu_device_id_list: ]
[gpu_use_dp: 0]
[num_gpu: 1]

end of parameters

pandas_categorical:null
